%%%%%%%%%%%%%%%%%%%%%%%%%%%%%%%%%%%
%% Depacker routine lengths file %%
%%%%%%%%%%%%%%%%%%%%%%%%%%%%%%%%%%%

 Valid for optimization settings: lzxspd = 0

 1st column: compression (two digits from -tXY..)
 2nd column: depacker length in bytes for revers=0
 3rd column: depacker length in bytes for revers=1

 This file can be used in -d switch of LzxPack.

11 85 84 
12 100 99 
13 106 105 
14 99 98 
16 82 81 
17 95 94 
18 107 106 
19 108 107 
21 77 76 
22 92 91 
23 98 97 
24 91 90 
26 74 73 
27 87 86 
28 99 98 
29 100 99 
31 84 83 
32 99 98 
33 105 104 
34 98 97 
36 81 80 
37 94 93 
38 106 105 
39 107 106 
41 70 69 
42 85 84 
43 91 90 
44 84 83 
46 69 68 
47 80 79 
48 92 91 
49 93 92 
51 120 118 
52 134 132 
53 139 138 
54 133 132 
56 117 116 
57 129 127 
58 141 139 
59 142 141 
61 157 154 
62 171 168 
63 176 174 
64 170 168 
66 154 152 
67 166 163 
68 178 175 
69 179 177 
71 157 154 
72 171 168 
73 176 174 
74 170 168 
76 154 152 
77 166 163 
78 178 175 
79 179 177 
81 157 154 
82 171 168 
83 176 174 
84 170 168 
86 154 152 
87 166 163 
88 178 175 
89 179 177 
91 142 139 
92 156 153 
93 161 159 
94 155 153 
96 139 137 
97 151 148 
98 163 160 
99 164 162 
