%%%%%%%%%%%%%%%%%%%%%%%%%%%%%%%%%%%
%% Depacker routine lengths file %%
%%%%%%%%%%%%%%%%%%%%%%%%%%%%%%%%%%%

 Valid for optimization settings: lzxspd = 0

 1st column: compression (two digits from -tXY..)
 2nd column: depacker length in bytes for revers=0
 3rd column: depacker length in bytes for revers=1

 This file can be used in -d switch of LzxPack.

11 182 183 
12 198 199 
13 207 211 
14 199 203 
16 176 180 
17 194 195 
18 210 211 
19 207 211 
21 173 174 
22 189 190 
23 198 202 
24 190 194 
26 167 171 
27 185 186 
28 201 202 
29 198 202 
31 184 185 
32 200 201 
33 209 213 
34 201 205 
36 178 182 
37 196 197 
38 212 213 
39 209 213 
41 170 171 
42 186 187 
43 195 199 
44 187 191 
46 166 170 
47 184 185 
48 200 201 
49 197 201 
51 234 235 
52 249 250 
53 259 263 
54 252 256 
56 228 232 
57 247 248 
58 263 264 
59 262 266 
61 277 278 
62 292 293 
63 302 306 
64 295 299 
66 271 275 
67 290 291 
68 306 307 
69 305 309 
71 277 278 
72 292 293 
73 302 306 
74 295 299 
76 271 275 
77 290 291 
78 306 307 
79 305 309 
81 276 277 
82 291 292 
83 301 305 
84 294 298 
86 270 274 
87 289 290 
88 305 306 
89 304 308 
91 259 260 
92 274 275 
93 284 288 
94 277 281 
96 253 257 
97 272 273 
98 288 289 
99 287 291 
