%%%%%%%%%%%%%%%%%%%%%%%%%%%%%%%%%%%
%% Depacker routine lengths file %%
%%%%%%%%%%%%%%%%%%%%%%%%%%%%%%%%%%%

 Valid for optimization settings: lzxspd = 0

 1st column: compression (two digits from -tXY..)
 2nd column: depacker length in bytes for revers=0
 3rd column: depacker length in bytes for revers=1

 This file can be used in -d switch of LzxPack.

11 118 115 
12 131 128 
13 143 140 
14 132 129 
16 115 112 
17 127 124 
18 139 136 
19 144 141 
21 105 102 
22 118 115 
23 130 127 
24 119 116 
26 102 99 
27 114 111 
28 126 123 
29 131 128 
31 109 106 
32 122 119 
33 134 131 
34 123 120 
36 106 103 
37 118 115 
38 130 127 
39 135 132 
41 89 86 
42 102 99 
43 114 111 
44 103 100 
46 88 85 
47 100 97 
48 112 109 
49 117 114 
51 167 164 
52 179 176 
53 191 188 
54 181 178 
56 165 162 
57 177 174 
58 189 186 
59 195 192 
61 216 210 
62 228 222 
63 240 234 
64 230 224 
66 214 208 
67 226 220 
68 238 232 
69 244 238 
71 216 210 
72 228 222 
73 240 234 
74 230 224 
76 214 208 
77 226 220 
78 238 232 
79 244 238 
81 216 210 
82 228 222 
83 240 234 
84 230 224 
86 214 208 
87 226 220 
88 238 232 
89 244 238 
91 199 193 
92 211 205 
93 223 217 
94 213 207 
96 197 191 
97 209 203 
98 221 215 
99 227 221 
