%%%%%%%%%%%%%%%%%%%%%%%%%%%%%%%%%%%
%% Depacker routine lengths file %%
%%%%%%%%%%%%%%%%%%%%%%%%%%%%%%%%%%%

 Valid for optimization settings: lzxspd = 1

 1st column: compression (two digits from -tXY..)
 2nd column: depacker length in bytes for revers=0
 3rd column: depacker length in bytes for revers=1

 This file can be used in -d switch of LzxPack.

11 93 92 
12 112 111 
13 122 121 
14 107 106 
16 90 89 
17 107 106 
18 123 122 
19 116 115 
21 85 84 
22 104 103 
23 114 113 
24 99 98 
26 82 81 
27 99 98 
28 115 114 
29 108 107 
31 92 91 
32 111 110 
33 121 120 
34 106 105 
36 89 88 
37 106 105 
38 122 121 
39 115 114 
41 78 77 
42 97 96 
43 107 106 
44 92 91 
46 77 76 
47 92 91 
48 108 107 
49 101 100 
51 144 142 
52 162 160 
53 171 170 
54 157 156 
56 141 140 
57 157 155 
58 173 171 
59 166 165 
61 189 186 
62 207 204 
63 216 214 
64 202 200 
66 186 184 
67 202 199 
68 218 215 
69 211 209 
71 189 186 
72 207 204 
73 216 214 
74 202 200 
76 186 184 
77 202 199 
78 218 215 
79 211 209 
81 190 187 
82 208 205 
83 217 215 
84 203 201 
86 187 185 
87 203 200 
88 219 216 
89 212 210 
91 166 163 
92 184 181 
93 193 191 
94 179 177 
96 163 161 
97 179 176 
98 195 192 
99 188 186 
