%%%%%%%%%%%%%%%%%%%%%%%%%%%%%%%%%%%
%% Depacker routine lengths file %%
%%%%%%%%%%%%%%%%%%%%%%%%%%%%%%%%%%%

 Valid for optimization settings: lzxspd = 1

 1st column: compression (two digits from -tXY..)
 2nd column: depacker length in bytes for revers=0
 3rd column: depacker length in bytes for revers=1

 This file can be used in -d switch of LzxPack.

11 127 124 
12 144 141 
13 160 157 
14 141 138 
16 124 121 
17 140 137 
18 156 153 
19 153 150 
21 114 111 
22 131 128 
23 147 144 
24 128 125 
26 111 108 
27 127 124 
28 143 140 
29 140 137 
31 118 115 
32 135 132 
33 151 148 
34 132 129 
36 115 112 
37 131 128 
38 147 144 
39 144 141 
41 98 95 
42 115 112 
43 131 128 
44 112 109 
46 97 94 
47 113 110 
48 129 126 
49 126 123 
51 192 189 
52 208 205 
53 224 221 
54 206 203 
56 190 187 
57 206 203 
58 222 219 
59 220 217 
61 249 243 
62 265 259 
63 281 275 
64 263 257 
66 247 241 
67 263 257 
68 279 273 
69 277 271 
71 249 243 
72 265 259 
73 281 275 
74 263 257 
76 247 241 
77 263 257 
78 279 273 
79 277 271 
81 249 243 
82 265 259 
83 281 275 
84 263 257 
86 247 241 
87 263 257 
88 279 273 
89 277 271 
91 224 218 
92 240 234 
93 256 250 
94 238 232 
96 222 216 
97 238 232 
98 254 248 
99 252 246 
